[0.5301949686311149,-0.12784359203953286,0.0,0.0,-0.6752089495234219,0.7376265142221212] 
[-0.009960863370928075,-0.47764201261775324,0.0,0.0,0.9967533392194556,0.0805157174399188] 
[-0.6160067376656311,-0.550148854836918,0.0,0.0,-0.8352847153013556,0.5498176464828438] 
[-0.6366892811980358,-1.0414012614165906,0.0,0.0,-0.617705440237922,0.7864095555755125] 
[-0.5538405715274629,-1.2944493727188602,0.0,0.0,-0.5276309072774494,0.8494737345472051] 
[-0.2780682362112923,-1.910188428161391,0.0,0.0,-0.6964937680870394,0.7175628411616067] 
[-0.6076628050077179,-2.0556655405194166,0.0,0.0,0.9900035011732894,0.1410427866451484] 
[-1.6713122151313113,-1.5159610515365074,0.0,0.0,0.7544661905787062,0.6563389118996795] 
[-1.3993557851630656,-0.03864011647485801,0.0,0.0,0.7975817440251302,0.6032108765579677] 
[-2.266615403616857,0.28704599808538067,0.0,0.0,-0.9507251320869903,0.31003503546885625] 
[-2.7044483592261477,-0.5302492197378433,0.0,0.0,-0.724974692415326,0.6887755043243797] 
[-2.6423973157694887,-1.3486334759856178,0.0,0.0,-0.6719097461323907,0.7406330353503726] 
[-2.739289375621478,-1.8629320064158954,0.0,0.0,-0.834933528830037,0.5503507994319821] 
[-2.9683852921349922,-2.1171963734995995,0.0,0.0,-0.9941100386441897,0.10837541726262308] 
[-3.1884302475846567,-2.093367039972733,0.0,0.0,0.9930690462134872,0.11753241873047082] 
[-3.5503501942496567,-2.043878440966467,0.0,0.0,-0.9511471401350883,0.3087379435910701] 
[-3.6447486279999444,-2.1415652121220643,0.0,0.0,-0.8662339421271843,0.4996386269162922] 
[-3.979984617986609,-3.473641183061162,0.0,0.0,-0.5509864363938572,0.8345141981476396] 
[-3.330659969774044,-3.9433762985050347,0.0,0.0,0.20420458278874998,0.9789282345341116] 
[-3.007669530733398,-3.7172207648614215,0.0,0.0,0.3713930977325875,0.9284757223302033] 
[-2.122677259945844,-3.7048580291790763,0.0,0.0,-0.41529698705275414,0.9096858867460265] 
[-1.7299466971455388,-4.131365625344143,0.0,0.0,-0.26512744104666003,0.9642133788762992] 
[-1.2065052563096799,-4.398545946474955,0.0,0.0,-0.027493027137491435,0.9996219952856266] 
[-0.7947750690019825,-4.225702392491592,0.0,0.0,0.5488311203063407,0.8359332517511712] 
[-0.7744996889432934,-3.940865837983289,0.0,0.0,0.8106167830750701,0.5855770068889529] 
[-1.2063842535453297,-3.6509497968083537,0.0,0.0,0.9889562168263155,0.14820796604967487] 
[-1.3468727643401697,-3.5087764015263256,0.0,0.0,0.7474708528922746,0.6642946063882317] 
[-1.3258680587269644,-3.2724745790337453,0.0,0.0,0.6237300599640319,0.7816398226147803] 
[-1.3319406861953451,-2.687693659902269,0.0,0.0,0.8267139028108593,0.5626225403405352] 
[-1.4684566819851659,-2.4256896190187787,0.0,0.0,0.9312845458215834,0.3642925949204667] 
[-1.6359270580620076,-2.296177169761714,0.0,0.0,0.9613122678791524,0.2754609293984191] 
[-1.9940347093143864,-2.0898681689056433,0.0,0.0,0.9981148463785439,0.061373882382784475] 
[-2.3572207357508237,-2.4938964975029125,0.0,0.0,-0.8328067711733794,0.5535638010995394] 
[-2.3543178094268082,-2.449805817368511,0.0,0.0,-0.2708838105454023,0.9626120512358042] 
[-2.352922377962223,-2.4533940846925084,0.0,0.0,0.5929292592686048,0.8052545519915946] 
