[0.368852009600064,-0.44244375811245096,0.0,0.0,-0.9352088563457551,0.3540965899475237] 
[-0.49537690013300373,-0.42483103233951447,0.0,0.0,-0.9435224997780716,0.33130845508761] 
[-0.5272009275337305,-1.2936650791464717,0.0,0.0,-0.47163033106055624,0.8817963658485501] 
[-0.5259615151825735,-2.0500417943351885,0.0,0.0,0.989813005081042,0.14237350516313452] 
[-1.6324679483538138,-1.3847347120275653,0.0,0.0,0.6538040562912051,0.75666389895195] 
[-1.7299321986947325,0.23074374920273627,0.0,0.0,0.9278305656159551,0.3730019323123899] 
[-2.5474338855666807,-0.05094187657862897,0.0,0.0,-0.829646808925414,0.5582886103440385] 
[-2.5504394821917833,-1.3828153042548916,0.0,0.0,-0.7774048322533207,0.6290005777335871] 
[-2.9523288673171897,-2.2903423211640908,0.0,0.0,0.9985120171443309,0.05453211547665717] 
[-3.8028741988461228,-2.394844472959389,0.0,0.0,-0.6967877444218193,0.7172773795565796] 
[-4.063111747136916,-3.702094019103945,0.0,0.0,-0.39573475577322786,0.9183648529169133] 
[-2.9104636515830813,-3.7178616378906155,0.0,0.0,0.37112587900629257,0.9285825660283563] 
[-1.972081687457841,-4.009192529232137,0.0,0.0,-0.47118845398524245,0.8820325622282871] 
[-1.183984132404193,-4.540085377942345,0.0,0.0,-0.08236393093105593,0.9966023193238034] 
[-0.6140065394310231,-4.316179920691097,0.0,0.0,0.7838740447009697,0.6209198676513276] 
[-1.276601487959668,-3.653400116490112,0.0,0.0,0.8253482724741871,0.564623971439289] 
[-1.2470460348387702,-2.9295070945890522,0.0,0.0,0.6140412745262825,0.7892739151765618] 
[-1.5456374967801827,-2.3805376365305015,0.0,0.0,0.8726806908710056,0.4882913185598371] 
[-2.0252437963903884,-2.0471211763249983,0.0,0.0,0.9909090447709389,0.13453350880410941] 
[-2.3611461929739623,-2.371378723514257,0.0,0.0,-0.7997528110257366,0.6003294439359379] 
