[0.5078540179330139,-0.018914395478867262,0.0,0.0,-0.4233787111175593,0.9059527951126561] 
[0.46393074546449425,-0.5367342648010837,0.0,0.0,-0.9597758777690909,0.28076727810158203] 
[-0.20140943954756385,-0.439812607444352,0.0,0.0,0.9788947638819722,0.2043649706883689] 
[-0.6224361920332663,-0.6966524308708736,0.0,0.0,-0.7806300140180857,0.6249934249367134] 
[-0.6291665847549184,-1.1196873020975837,0.0,0.0,-0.5047234659726536,0.8632810798902937] 
[-0.4038924335615563,-1.4226837197501785,0.0,0.0,-0.5210174287014447,0.8535460380022479] 
[-0.2835960006823713,-1.990853420831047,0.0,0.0,-0.8317207800479014,0.5551941498579668] 
[-0.6803078501056108,-2.0854158395354427,0.0,0.0,0.9931537961784942,0.1168141136003948] 
[-1.6900879267644533,-1.4040340910415277,0.0,0.0,0.7358209892393336,0.6771761010216238] 
[-1.5200701159270167,0.334349509847038,0.0,0.0,0.9082386536633392,0.4184525636100284] 
[-2.2754380716223443,0.5005036457153662,0.0,0.0,-0.9672365201103714,0.2538769665896833] 
[-2.773172975717707,-0.4531940630909017,0.0,0.0,-0.7880100489700423,0.6156623772184163] 
[-2.589196677871365,-1.1927339256495162,0.0,0.0,-0.5462637500380955,0.8376132254175057] 
[-2.6505007941813594,-1.9510335328675035,0.0,0.0,-0.8040423776237992,0.5945719931051815] 
[-2.9344372234319196,-2.3020936342739673,0.0,0.0,0.9996612394902247,0.026027029428416067] 
[-3.3123117109068607,-2.1929174643681697,0.0,0.0,0.9853309607882074,0.17065432227807248] 
[-3.708922620943133,-2.1745495820029013,0.0,0.0,-0.8969491631279342,0.442133688791183] 
[-4.095380086297559,-3.6398766813790893,0.0,0.0,-0.6011747358078069,0.799117598996802] 
[-3.4635526289290097,-4.001041857620623,0.0,0.0,-0.08869264300677843,0.9960590419631118] 
[-2.896587880585988,-3.70107596768791,0.0,0.0,0.34747363171191215,0.9376897542710673] 
[-2.070130089803158,-3.9047028041958907,0.0,0.0,-0.4695934419762364,0.8828827777530328] 
[-1.5813074997477725,-4.365021535029802,0.0,0.0,-0.18420734386123927,0.9828874068109669] 
[-0.8735410183558838,-4.433020362865278,0.0,0.0,0.24943920039115802,0.9683904611819655] 
[-0.739019289865874,-3.9608810650849846,0.0,0.0,0.8676864109973418,0.49711195134552144] 
[-1.074591214654188,-3.678611474090577,0.0,0.0,0.9841726789429235,0.1772121271874732] 
[-1.2247447233801134,-3.633413981126815,0.0,0.0,0.9986867213453062,0.051233120230595376] 
[-1.4151556763822468,-3.5926513703852088,0.0,0.0,0.6969378769437611,0.7171315051516862] 
[-1.3693667958609625,-3.1526210244107067,0.0,0.0,0.6855634081799482,0.7280129211522923] 
[-1.4114210584506013,-2.662845238268233,0.0,0.0,0.8440235323105556,0.5363061410295547] 
[-1.5386633683114044,-2.456194090771114,0.0,0.0,0.8927130969395235,0.45062548369199557] 
[-1.6154562459756243,-2.296577956733857,0.0,0.0,0.935354376295921,0.35371201668033353] 
[-2.0367595088516834,-2.0671086425477947,0.0,0.0,0.9892795662229945,0.146034036627232] 
[-2.493918738562033,-2.6048295335333442,0.0,0.0,-0.7894955450360045,0.6137562906955025] 
