[0.5531105241249671,-0.14890252983812138,0.0,0.0,-0.7426236854924766,0.6697089380809929] 
[0.37654729674197174,-0.5330840081544201,0.0,0.0,-0.9841844143174122,0.17714694074324935] 
[-0.34272443097040683,-0.4542305766498723,0.0,0.0,0.9923541775661802,0.123422794762354] 
[-0.651458552121816,-0.8704669160781816,0.0,0.0,-0.6779943086026657,0.7350671516959476] 
[-0.22720361819887136,-1.8488011036633363,0.0,0.0,-0.501992385272786,0.8648720397423765] 
[-0.858694768722008,-1.9637202291991196,0.0,0.0,0.988464761211474,0.1514510344736664] 
[-1.6145051391043943,-0.9686172089231603,0.0,0.0,0.6192074683622465,0.7852274263704863] 
[-1.6350399360143708,0.23593103899646606,0.0,0.0,0.8726917643041933,0.4882715274472129] 
[-2.4560202710507704,0.3160665828666452,0.0,0.0,-0.8168960980604774,0.5767848515465424] 
[-2.8349029158183194,-0.6065753221404404,0.0,0.0,-0.8216704536076269,0.5699628634115005] 
[-2.5353300700234915,-1.4661746085340652,0.0,0.0,-0.8530110542048613,0.521892844752935] 
[-2.9549989408469655,-2.2906958079517814,0.0,0.0,0.9999953289194247,0.003056491343305645] 
[-3.4627528803489303,-2.007223819117475,0.0,0.0,0.9865901922322247,0.16321701072860612] 
[-3.7838751425273602,-2.2517622940879214,0.0,0.0,-0.8417369351532261,0.5398878883609575] 
[-4.0971019327170675,-3.322167219221498,0.0,0.0,-0.7849735249543554,0.6195293093314748] 
[-3.578886316359489,-3.9731207475392094,0.0,0.0,-0.15548089985781627,0.987838898697254] 
[-3.0487658763804357,-3.894421992780029,0.0,0.0,0.4465612166812685,0.8947530831218997] 
[-2.402465707565008,-3.5224630579413776,0.0,0.0,-0.10349256299948664,0.9946302274734049] 
[-1.597903876526393,-4.2679151267600215,0.0,0.0,-0.17083099958905548,0.9853003448590709] 
[-0.6764270143549154,-4.440983910029872,0.0,0.0,0.6496953550255433,0.7601946761575178] 
[-1.1261553358679077,-3.586001306535117,0.0,0.0,0.9854925772035534,0.16971853250808638] 
[-1.2915150672811264,-2.999992552209494,0.0,0.0,0.7180236108842284,0.6960187455900697] 
[-2.1329692993980904,-1.9453327601220156,0.0,0.0,0.9875963694593877,0.15701404723984608] 
[-2.3947981406586054,-2.6528184224311135,0.0,0.0,-0.7914393755496693,0.61124767061278] 
