[0.6158914388756959,-0.4437523273377136,0.0,0.0,-0.8136216162678533,0.5813947587841553] 
[0.3729189718738756,-0.9637574282663577,0.0,0.0,-0.8306654865746061,0.5567718109008148] 
[0.1882336199983976,-1.3172932653066696,0.0,0.0,-0.958999882866311,0.283406465456245] 
[-0.3661943202477829,-1.5088249811005312,0.0,0.0,-0.6898685974265433,0.7239346091220767] 
[-0.5025656167579475,-2.0704766693279226,0.0,0.0,0.9947155887027379,0.10266887352925226] 
[-1.4768649837283814,0.1422777724788017,0.0,0.0,0.9101244068550133,0.41433508667117525] 
[-2.3964748541585323,0.3918912037647325,0.0,0.0,-0.8498447513765024,0.5270331095460805] 
[-2.593520825109741,-1.5810987424468144,0.0,0.0,-0.7339155084027303,0.6792407721316218] 
[-2.951893140119426,-2.1725962163864674,0.0,0.0,0.9977840968029131,0.06653492441714179] 
[-3.521025062421372,-1.9148780575582496,0.0,0.0,-0.9562225564407679,0.29264043219261815] 
[-4.196158685190805,-3.5684399570952987,0.0,0.0,-0.6123513572285305,0.7905857419030378] 
[-0.902620242786819,-4.448021508401367,0.0,0.0,-0.02434255104948728,0.9997036762003044] 
[-1.3344944238302405,-3.4382254637792706,0.0,0.0,0.6161257231944579,0.7876478230898034] 
[-1.634930388356766,-2.359113298540627,0.0,0.0,0.8586200931578236,0.5126124614420238]
[-2.348711524144702,-2.577202470538726,0.0,0.0,-0.8240970741545381,0.5664485964056489] 
