[0.09612274914979935,0.045656196773052216,0.0,0.0,0.35050565004348755,0.9365606307983398] 
[0.09612274914979935,0.045656196773052216,0.0,0.0,0.35040539503097534,0.9365981221199036] 
[0.09612274914979935,0.045656196773052216,0.0,0.0,0.3505473732948303,0.9365450143814087] 
[0.09612274914979935,0.045656196773052216,0.0,0.0,0.3505268394947052,0.9365527033805847] 
[0.09612274914979935,0.045656196773052216,0.0,0.0,0.3505486845970154,0.9365445375442505] 
[0.09612274914979935,0.045656196773052216,0.0,0.0,0.35053253173828125,0.9365505576133728] 
[0.09612274914979935,0.045656196773052216,0.0,0.0,0.350535124540329,0.9365496039390564] 
[0.09612274914979935,0.045656196773052216,0.0,0.0,0.3505021929740906,0.9365618824958801] 
[0.09612274914979935,0.045656196773052216,0.0,0.0,0.3505764603614807,0.9365341067314148] 
[0.09612274914979935,0.045656196773052216,0.0,0.0,0.35044431686401367,0.9365835785865784] 
