[0.5673542732739534,-0.39775670962474613,0.0,0.0,-0.8086473555215953,0.5882936804079496] 
[0.09291697621945932,1.1709670686409062,0.0,0.0,0.9680254386146481,0.25085204841682723] 
[-0.9701461108742364,1.3215113273240686,0.0,0.0,-0.9708281599404616,0.23977632048769432] 
[-2.593520825109741,-1.5810987424468144,0.0,0.0,-0.7339155084027303,0.6792407721316218] 
[-2.951893140119426,-2.1725962163864674,0.0,0.0,0.9977840968029131,0.06653492441714179] 
[-3.521025062421372,-1.9148780575582496,0.0,0.0,-0.9562225564407679,0.29264043219261815] 
[-4.196158685190805,-3.5684399570952987,0.0,0.0,-0.6123513572285305,0.7905857419030378] 
[-0.902620242786819,-4.448021508401367,0.0,0.0,-0.02434255104948728,0.9997036762003044] 
[-1.3344944238302405,-3.4382254637792706,0.0,0.0,0.6161257231944579,0.7876478230898034] 
[-1.1482517720029743,-2.50797584203134,0.0,0.0,0.8397679800353475,0.5429454297692837] 
[-2.19548141907128,-2.0082920279918812,0.0,0.0,0.9836114569637852,0.18030114178667833] 
[-2.356271365328482,-2.428375527314579,0.0,0.0,-0.6767730013117748,0.736191758100736] 
